id,nombre,vacuna1dosis,vacuna2dosis,sinvacunar
1,Poland,11,40,49
3,Albania,23,38,39
4,Canada,37,38,25
6,Mongolia,4,39,57
14,Russia,7,37,56
20,Uganda,13,32,55
29,Nigeria,7,37,56
30,Barbados,27,33,40
43,Yemen,45,37,18
46,Serbia,13,33,54
55,Belize,43,33,24
63,Hungary,47,36,17
72,Iran,45,39,16
89,Poland,42,35,23
97,Spain,15,38,47
